# 400   |600   |800   |1000  |1200
# ------|------|------|------|------
# 0.032 |0.098 |0.216 |0.420 |0.704
# 0.032 |0.098 |0.217 |0.420 |0.707
# 0.032 |0.099 |0.219 |0.424 |0.707
# 0.032 |0.099 |0.217 |0.423 |0.706
# 0.032 |0.103 |0.218 |0.424 |0.708
# 0.032 |0.099 |0.218 |0.422 |0.704
# 0.032 |0.099 |0.219 |0.423 |0.706
# 0.032 |0.100 |0.220 |0.425 |0.709
# 0.032 |0.101 |0.220 |0.428 |0.712
# 0.032 |0.101 |0.222 |0.428 |0.712
# ------|------|------|------|------
# 0.032 |0.099 |0.218 |0.423 |0.707

400     0.032
600     0.099
800     0.218
1000    0.423
1200    0.707
