# 400   |600   |800   |1000  |1200
# ------|------|------|------|------
# 0.636 |2.105 |5.117 |9.202 |16.002
# 0.767 |2.443 |6.523 |11.028|19.050
# 0.768 |2.418 |6.797 |11.235|19.092
# 0.765 |2.560 |6.583 |11.074|21.374
# 0.768 |2.559 |6.122 |11.092|19.105
# 0.768 |2.523 |6.092 |11.126|19.422
# 0.766 |2.533 |6.485 |11.111|19.521
# 0.768 |2.443 |6.078 |11.022|19.317
# 0.767 |2.436 |6.180 |11.224|21.516
# 0.768 |2.525 |6.849 |11.278|22.984
# ------|------|------|------|------
# 0.754 |2.454 |6.282 |10.939|19.738

400     1.169
600     2.454
800     6.282
1000    10.939
1200    19.738  
