# 400   |600   |800   |1000  |1200
# ------|------|------|------|------
# 0.339 |1.381 |2.684 |9.000 |8.889
# 0.338 |1.126 |2.682 |5.683 |8.874
# 0.338 |1.121 |2.693 |5.795 |8.903
# 0.338 |1.119 |2.688 |7.715 |8.895
# 0.338 |1.128 |2.683 |6.142 |8.889
# 0.338 |1.125 |2.688 |6.926 |8.888
# 0.339 |1.122 |2.686 |6.850 |8.875
# 0.338 |1.121 |2.692 |7.673 |8.891
# 0.339 |1.129 |2.693 |7.086 |9.005
# 0.338 |1.127 |2.687 |6.826 |8.942
# ------|------|------|------|------
# 0.338 |1.149 |2.687 |6.969 |8.905

400     0.338
600     1.149
800     2.687
1000    6.969
1200    8.905